no,posx,posy,posz,movedirx,movediry,movedirz,viewdirx,viewdiry,viewdirz,deltapos,deltamovedir,deltaviewdir,label
2,-39.635090000000005,1.62232,-7.427134,-0.0005683899,0.0,0.000202179,-0.943793,-0.022237,0.329787,0.000603,7.4719679999999995,1.04511,0
3,-39.636959999999995,1.620103,-7.4267330000000005,-0.0018692020000000001,0.0,0.0004010201,-0.9445399999999999,-0.048752,0.324759,0.001912,156.923,1.806989,1
4,-39.63541,1.621155,-7.427825,0.0015487670000000002,0.0,-0.001091957,-0.947069,-0.019294,0.320449,0.001895,16.605520000000002,1.9700529999999998,1
5,-39.61906,1.637358,-7.433321,0.01634979,0.0,-0.005496025,-0.927183,0.196973,0.318643,0.017249,110.6142,10.52716,1
6,-39.619640000000004,1.631241,-7.416994,-0.000579834,0.0,0.016326900000000002,-0.8383430000000001,0.09237200000000001,0.5372600000000001,0.016337,70.87868,19.74792,2
7,-39.53838,1.632452,-7.385548,0.08126068,0.0,0.03144598,0.385348,0.11115599999999999,0.9160520000000001,0.087133,99.06435,81.24235,2
8,-39.532340000000005,1.649173,-7.413738,0.006038666,0.0,-0.02818966,0.45494399999999996,0.402309,0.7944640000000001,0.028829,127.3536,24.32335,2
9,-39.59145,1.63215,-7.3858440000000005,-0.05910873,0.0,0.02789354,-0.510057,0.11130999999999999,0.852908,0.06536,86.46373,78.00943000000001,2
10,-39.6333,1.630192,-7.4619740000000006,-0.04185104,0.0,-0.07612991,-0.9777950000000001,0.08022,-0.193602,0.086875,78.38325999999999,72.10894,2
11,-39.56712,1.6375709999999999,-7.518330000000001,0.06618118,0.0,-0.05635595,-0.1719,0.185578,-0.967477,0.086925,36.15135,74.81891999999999,2
12,-39.56282,1.621213,-7.53633,0.004299164,0.0,-0.01800013,-0.090738,-0.045192,-0.994849,0.018506,2.023714,12.96839,2
13,-39.5619,1.615007,-7.540886,0.000919342,0.0,-0.004555702,-0.060273,-0.106803,-0.992452,0.004647999999999999,85.79491,5.276884,1
14,-39.56284,1.614667,-7.541148,-0.0009384155,0.0,-0.00026226040000000003,-0.072697,-0.111325,-0.9911209999999999,0.000974,71.83105,0.980197,1
15,-39.5678,1.6152790000000001,-7.652292,-0.004959106,0.0,-0.11114360000000001,-0.054012,-0.103494,-0.9931629999999999,0.11125399999999999,0.796722,1.533425,3
16,-39.64315,1.619924,-8.938998,-0.07535172,0.0,-1.286706,-0.070114,-0.0496,-0.9963049999999999,1.2889110000000001,0.848576,4.009901,3
17,-39.70174,1.62775,-10.27942,-0.05858994,0.0,-1.340422,-0.006086,0.049412,-0.99876,1.341702,1.721697,3.687268,3
18,-39.72015,1.627608,-11.629589999999999,-0.01840973,0.0,-1.35017,-0.021730000000000003,0.04473,-0.998763,1.350296,1.547755,1.165669,3
19,-39.77615,1.62625,-13.00656,-0.05599976,0.0,-1.37697,-0.08216699999999999,0.025903,-0.996282,1.378109,7.808539,4.547944,3
20,-40.016420000000004,1.626314,-14.35034,-0.2402687,0.0,-1.34378,-0.0482,0.030565,-0.9983700000000001,1.365091,10.434660000000001,2.21786,3
21,-40.00943,1.62455,-15.69745,0.006988525,0.0,-1.34711,0.053087,0.011676,-0.9985219999999999,1.347128,33.33627,6.889546000000001,3
22,-40.64566,1.624123,-16.6757,-0.6362305,0.0,-0.9782495000000001,-0.381367,0.004229,-0.924414,1.1669450000000001,26.04709,25.88871,3
23,-41.77225,1.623475,-17.35032,-1.126591,0.0,-0.6746215999999999,-0.639288,-0.006324000000000001,-0.768942,1.313134,9.885886,17.44087,3
24,-42.7935,1.624182,-18.23183,-1.021248,0.0,-0.8815098,-0.6685840000000001,0.005627,-0.7436149999999999,1.349076,2.860265,2.259589,3
25,-43.78862,1.6246399999999999,-19.18146,-0.9951209999999999,0.0,-0.9496288,-0.6122270000000001,0.009727,-0.790622,1.375522,2.986751,4.44145,3
26,-44.71504,1.624757,-20.16272,-0.9264183000000001,0.0,-0.9812603000000001,-0.615099,0.012631999999999999,-0.7883479999999999,1.3494899999999999,12.09302,0.374688,4
27,-45.363240000000005,1.63656,-21.23049,-0.648201,0.0,-1.06777,0.638804,0.17555199999999999,-0.749073,1.249119,72.69936,87.80743000000001,4
28,-44.5531,1.628701,-22.14815,0.8101387,0.0,-0.9176598,-0.397004,0.056463,-0.9160790000000001,1.224101,91.01177,70.76191999999999,4
29,-45.48173,1.626009,-22.939239999999998,-0.9286308000000001,0.0,-0.79109,-0.889069,0.024474,-0.457118,1.219909,19.64173,41.19368,4
30,-46.77041,1.6212739999999999,-23.42839,-1.288677,0.0,-0.489151,-0.9264549999999999,-0.032288,-0.375019,1.3783889999999999,26.17435,5.620546,3
31,-47.67335,1.622863,-24.39532,-0.9029427,0.0,-0.9669304,-0.9212899999999999,-0.008348000000000001,-0.388786,1.3229739999999999,18.24129,2.214601,3
32,-48.84731,1.625049,-25.03854,-1.173958,0.0,-0.643219,-0.941915,0.013363,-0.335586,1.3386209999999998,7.458614999999999,3.557204,3
33,-50.129979999999996,1.624132,-25.5376,-1.282669,0.0,-0.4990597,-0.949385,0.001553,-0.31411100000000003,1.376336,3.70581,1.979748,3
34,-51.44291,1.6237629999999998,-25.95293,-1.3129309999999998,0.0,-0.4153309,-0.970434,-0.003008,-0.24134699999999998,1.377058,20.15611,4.422701999999999,3
35,-52.72343000000001,1.626385,-25.89474,-1.280521,0.0,0.0581913,-0.779138,0.036815,0.6257699999999999,1.281843,15.163789999999999,54.67556999999999,4
36,-53.918040000000005,1.623635,-25.511979999999998,-1.194611,0.0,0.38275909999999996,-0.9561620000000001,-0.003857,-0.292812,1.254432,43.00238,57.68585,4
37,-55.083659999999995,1.6275700000000002,-26.06139,-1.165619,0.0,-0.5494099,-0.005993,0.07374,-0.997259,1.288611,127.7169,76.63772,4
38,-54.17171999999999,1.630863,-26.52698,0.9119415000000001,0.0,-0.46558950000000004,0.981477,0.081022,0.17360599999999998,1.023919,53.8467,100.7936,4
39,-54.079919999999994,1.628125,-27.09965,0.09179688,0.0,-0.57267,-0.960384,0.050067,-0.27414499999999997,0.5799810000000001,83.30377,175.8768,4
40,-55.3575,1.628632,-27.461240000000004,-1.277576,0.0,-0.3615913,-0.9568760000000001,0.061528,-0.283905,1.327761,2.889679,1.251573,4
41,-56.674690000000005,1.627375,-27.763240000000003,-1.317192,0.0,-0.302,-0.9734450000000001,0.041117,-0.22519899999999998,1.351369,1.685512,4.670891,3
42,-58.025040000000004,1.627882,-28.0313,-1.350349,0.0,-0.2680588,-0.967843,0.048369999999999996,-0.246862,1.376699,0.366908,1.699124,3
43,-59.347069999999995,1.6282709999999998,-28.30255,-1.3220290000000001,0.0,-0.2712498,-0.9657319999999999,0.053413999999999996,-0.253984,1.349569,6.041794,0.7155520000000001,3
44,-60.6876,1.628276,-28.432879999999997,-1.34053,0.0,-0.130331,-0.997014,0.052765,-0.056389,1.346851,3.879341,11.53508,3
45,-62.06365,1.62795,-28.473090000000003,-1.376049,0.0,-0.04020882,-0.9911479999999999,0.048944,-0.123412,1.376636,0.8568370000000001,4.07978,3
46,-63.40525,1.628455,-28.53238,-1.341602,0.0,-0.05928993,-0.9178129999999999,0.055728999999999994,-0.393083,1.342912,10.83256,16.47641,3
47,-64.72169,1.629361,-28.8451,-1.316437,0.0,-0.3127213,-0.770386,0.066986,-0.634049,1.353071,4.788106,16.91681,3
48,-66.00708,1.628048,-29.2665,-1.285393,0.0,-0.4214001,-0.811359,0.050027999999999996,-0.582404,1.352706,0.08392899999999999,4.757426000000001,3
49,-67.28783,1.628369,-29.68845,-1.280746,0.0,-0.4219494000000001,-0.801567,0.054009,-0.595461,1.348463,2.3913830000000003,1.16482,3
50,-68.54903,1.627506,-30.163159999999998,-1.2612,0.0,-0.4747105,-0.7469279999999999,0.043949,-0.663452,1.347581,0.461825,5.5823540000000005,3
51,-69.71654000000001,1.627134,-30.613390000000003,-1.167511,0.0,-0.45022959999999995,-0.572367,0.043521,-0.8188409999999999,1.251315,20.85826,13.45831,3
52,-70.73539,1.627623,-30.61748,-1.018852,0.0,-0.004089355,-0.517452,0.044573,-0.85455,1.01886,0.26393,3.8178410000000005,3
53,-71.77620999999999,1.6265530000000001,-30.62645,-1.040817,0.0,-0.008970261,-0.578326,0.030019,-0.815253,1.040856,12.38115,4.989723000000001,3
54,-72.71831999999999,1.6265209999999999,-30.841790000000003,-0.9421158000000002,0.0,-0.2153397,-0.569859,0.03032,-0.821183,0.966413,21.75788,0.609577,3
55,-73.5067,1.626587,-31.38632,-0.7883759,0.0,-0.5445309,-0.364579,0.031913,-0.9306260000000001,0.958149,17.308120000000002,13.45701,3
56,-74.0247,1.624607,-32.04792,-0.5179977,0.0,-0.6616001,-0.23579,0.001834,-0.971802,0.84026,22.59515,9.478953,3
57,-74.37453000000001,1.627518,-33.312459999999994,-0.34983059999999994,0.0,-1.264542,-0.02735,0.044354000000000005,-0.998641,1.312039,13.373820000000002,14.506829999999999,3
58,-74.42365,1.628692,-34.658559999999994,-0.04912567,0.0,-1.3461,-0.018890999999999998,0.058841,-0.998088,1.3469959999999999,3.215402,1.315401,3
59,-74.55039000000001,1.628771,-36.02333,-0.1267395,0.0,-1.3647690000000001,-0.042572000000000006,0.059765,-0.9973040000000001,1.370641,7.543557000000001,1.413024,3
60,-74.8501,1.6297270000000001,-37.337270000000004,-0.29970549999999996,0.0,-1.3139379999999998,-0.00532,0.072493,-0.9973549999999999,1.3476860000000002,1.277788,2.8695619999999997,3
61,-75.12083,1.629461,-38.65952,-0.27072909999999994,0.0,-1.32225,0.025432,0.06891900000000001,-0.9972979999999999,1.349681,6.559481,1.971743,3
62,-75.24042,1.6291790000000002,-40.02321,-0.11959080000000001,0.0,-1.363689,0.039162,0.065318,-0.9970959999999999,1.368923,6.917555999999999,0.995605,3
63,-75.19464,1.62945,-41.398959999999995,0.04577637,0.0,-1.375751,0.031961,0.068865,-0.997114,1.3765129999999999,3.0657349999999997,0.617201,3
64,-75.22185999999999,1.62975,-42.74345,-0.02722168,0.0,-1.34449,0.037482,0.072777,-0.9966440000000001,1.344766,7.579942,0.5424640000000001,3
65,-75.42696,1.629437,-44.07759,-0.20510100000000003,0.0,-1.334141,0.048404,0.068746,-0.996459,1.3498139999999998,0.762075,0.85865,3
66,-75.61433000000001,1.629969,-45.41452,-0.18736270000000002,0.0,-1.336929,0.05690800000000001,0.074773,-0.995575,1.3499940000000001,1.9239680000000001,0.8367620000000001,3
67,-75.84982,1.6293090000000001,-46.76363,-0.23549650000000003,0.0,-1.34911,0.19142,0.068508,-0.979115,1.369509,12.07728,8.15033,3
68,-76.32177,1.630996,-47.93298,-0.47194670000000005,0.0,-1.16935,0.564062,0.131718,-0.815159,1.260997,65.14562,27.260479999999998,3
69,-75.96673,1.633783,-48.3115,0.3550415,0.0,-0.378521,0.873806,0.134682,-0.467251,0.5189729999999999,25.36805,27.35468,4
70,-75.57155,1.630252,-49.54244,0.3951797,0.0,-1.2309379999999999,0.263355,0.082957,-0.961126,1.292817,22.74986,49.52355,3
71,-75.68744000000001,1.6289,-50.8802,-0.1158905,0.0,-1.337761,0.290192,0.061480999999999994,-0.954992,1.342771,4.057241,2.812793,3
72,-75.89872,1.628582,-52.21291,-0.2112808,0.0,-1.33271,0.351229,0.06394,-0.934104,1.3493540000000002,36.25009,3.845328,3
73,-75.32446999999999,1.632602,-53.32828000000001,0.5742493000000001,0.0,-1.115372,0.866567,0.10968900000000001,-0.486857,1.254518,33.6845,42.69656,4
74,-75.46691,1.6297549999999998,-54.589659999999995,-0.14244079999999998,0.0,-1.261379,0.000383,0.074764,-0.997201,1.269396,14.8115,62.65945,4
75,-75.96084,1.6320299999999999,-55.85951,-0.49392700000000006,0.0,-1.2698479999999999,0.179931,0.10358599999999998,-0.97821,1.3625260000000001,7.2689,12.05847,3
76,-76.28648000000001,1.632625,-57.167019999999994,-0.32564540000000003,0.0,-1.30751,0.155698,0.112723,-0.981352,1.347453,20.447689999999998,1.933817,3
77,-76.14269,1.642854,-58.43649,0.1437912,0.0,-1.26947,0.833298,0.26100999999999996,-0.48732700000000007,1.277588,24.27244,59.32265,3
78,-75.45461,1.6395009999999999,-59.59375,0.6880798,0.0,-1.157261,0.6224529999999999,0.21461599999999997,-0.752657,1.346368,36.528890000000004,22.82615,4
79,-75.58934,1.6370149999999999,-60.921459999999996,-0.1347275,0.0,-1.327709,-0.08077000000000001,0.17438399999999998,-0.981359,1.334527,17.061,46.64627,3
80,-76.11256999999999,1.637748,-62.16283000000001,-0.5232315,0.0,-1.241371,-0.058098000000000004,0.18572,-0.980883,1.347135,1.118726,1.975669,3
81,-76.62248000000001,1.636931,-63.44183,-0.5099106,0.0,-1.278999,-0.013682,0.17341700000000002,-0.9847540000000001,1.376898,17.39375,3.310235,3
82,-76.72581,1.635724,-64.80254000000001,-0.1033249,0.0,-1.360714,0.009787,0.155623,-0.987768,1.364631,4.769208,2.397214,3
83,-76.71575,1.6357700000000002,-66.15233,0.01005554,0.0,-1.349785,0.007534999999999999,0.156664,-0.9876229999999999,1.3498219999999999,0.212142,0.19013,3
84,-76.71070999999999,1.6361459999999999,-67.50188,0.00504303,0.0,-1.349548,0.002031,0.16201,-0.9867870000000001,1.349558,0.174713,0.6292260000000001,3
85,-76.70979,1.636249,-68.85178,0.0009155273,0.0,-1.349907,-0.005574,0.16356500000000002,-0.986517,1.349907,0.602309,0.531755,3
86,-76.72306,1.6365459999999998,-70.20142,-0.01326752,0.0,-1.34964,-0.016756999999999998,0.167963,-0.985651,1.349705,0.07661699999999999,0.905626,3
87,-76.73843000000001,1.6362510000000001,-71.57874,-0.0153656,0.0,-1.377319,-0.0031940000000000002,0.16364,-0.9865149999999999,1.377405,0.5074489999999999,1.039472,3
88,-76.74152,1.636588,-72.9283,-0.0030975340000000003,0.0,-1.349556,-0.005065999999999999,0.16886500000000002,-0.985626,1.34956,1.004052,0.41195699999999996,3
89,-76.76881,1.636932,-74.3046,-0.02728271,0.0,-1.376305,-0.039626999999999996,0.173681,-0.9840049999999999,1.376575,1.143808,2.2917959999999997,3
90,-76.82251,1.636792,-75.65368000000001,-0.05370331,0.0,-1.349075,-0.036372,0.171584,-0.984498,1.350144,0.07661699999999999,0.314812,3
91,-76.8754,1.637148,-77.02913000000001,-0.05288696,0.0,-1.37545,-0.031560000000000005,0.177111,-0.983685,1.376467,0.196832,0.600638,3
92,-76.92260999999999,1.637574,-78.37782,-0.04721069,0.0,-1.348694,-0.034276,0.18348699999999998,-0.982424,1.34952,0.0,0.530909,3
93,-76.97069,1.637433,-79.75426,-0.04808044,0.0,-1.376434,-0.029996,0.1813,-0.9829700000000001,1.3772739999999999,0.212142,0.3769,3
94,-77.01284,1.6368790000000002,-81.10422,-0.0421524,0.0,-1.34996,-0.035961,0.17296,-0.9842719999999999,1.350618,0.535954,0.830427,3
95,-77.06758,1.637002,-82.45299,-0.05474091,0.0,-1.34877,-0.041111,0.174963,-0.983716,1.3498809999999999,0.055952999999999996,0.417847,3
96,-77.12477,1.6368559999999999,-83.82899,-0.05718994,0.0,-1.375999,-0.044676,0.172534,-0.9839899999999999,1.3771870000000002,0.086229,0.347856,3
97,-77.18409,1.636305,-85.20541,-0.05931854,0.0,-1.376419,-0.046408,0.16422,-0.985332,1.377697,0.6305609999999999,0.580202,3
98,-77.25707,1.636144,-86.55365,-0.07298279,0.0,-1.348244,-0.060771000000000006,0.161573,-0.984988,1.350218,0.373253,0.9873790000000001,3
99,-77.33887,1.635641,-87.90176,-0.08179474,0.0,-1.348106,-0.056641,0.154471,-0.9863719999999999,1.3505850000000001,24.31935,0.655177,3
100,-76.8742,1.634093,-89.12196999999999,0.4646683,0.0,-1.220215,0.421034,0.13272899999999999,-0.897281,1.305696,4.106704,29.68283,3
101,-76.30413,1.6292520000000001,-90.34705,0.5700684,0.0,-1.225082,0.342962,0.06738,-0.9369299999999999,1.351223,4.593247,8.7963,3
102,-75.82499,1.6285319999999999,-91.63813,0.47914120000000004,0.0,-1.291077,0.404776,0.061775,-0.912327,1.377118,1.4650020000000001,4.14234,3
103,-75.3895,1.628702,-92.91038,0.43548580000000003,0.0,-1.272247,0.6164310000000001,0.066854,-0.784566,1.344716,18.69313,14.52254,3
104,-74.56513000000001,1.631751,-93.98127,0.8243713,0.0,-1.070892,0.923399,0.10482000000000001,-0.369251,1.351443,31.70328,32.23129,3
105,-73.34014,1.640737,-94.44434,1.224991,0.0,-0.46307370000000003,0.970808,0.23714200000000002,0.035998,1.309595,4.109326,31.620279999999998,3
106,-72.01576,1.6348200000000002,-94.83912,1.3243790000000002,0.0,-0.39477540000000005,0.9780540000000001,0.13979,-0.154495,1.3819649999999999,3.0037439999999997,16.78215,3
107,-70.7463,1.635306,-95.29120999999999,1.269463,0.0,-0.4520874,0.982675,0.146755,-0.11319100000000001,1.34756,10.31076,2.808878,3
108,-69.41853,1.634083,-95.50843,1.327766,0.0,-0.2172241,0.9873870000000001,0.133023,-0.085858,1.345418,4.359230999999999,2.395681,3
109,-68.07355,1.6340629999999998,-95.6245,1.344986,0.0,-0.116066,0.9877030000000001,0.132449,-0.083064,1.349985,0.10279200000000001,0.196293,3
110,-66.70085,1.6336030000000001,-95.74047,1.372696,0.0,-0.11597439999999999,0.988559,0.125944,-0.083,1.377586,0.07661699999999999,0.375908,3
111,-65.35564000000001,1.633739,-95.85224000000001,1.345215,0.0,-0.11177060000000001,0.9884229999999999,0.12778499999999998,-0.081794,1.34985,0.252564,0.17494,3
112,-63.982569999999996,1.633453,-95.96021,1.373066,0.0,-0.1079712,0.989027,0.123957,-0.080377,1.377305,0.402998,0.30959200000000003,3
113,-62.63734,1.633343,-96.07552,1.34523,0.0,-0.1153107,0.9885860000000001,0.122304,-0.087979,1.350163,0.188712,0.535179,3
114,-61.29234,1.633051,-96.19526,1.3450010000000001,0.0,-0.1197357,0.989081,0.118302,-0.087887,1.35032,0.197824,0.230961,3
115,-59.92051,1.633152,-96.31264,1.3718299999999999,0.0,-0.11737819999999999,0.9894540000000001,0.11980899999999998,-0.081401,1.376842,0.23738800000000002,0.46182399999999996,3
116,-58.604569999999995,1.632787,-96.43069,1.315941,0.0,-0.1180496,0.989655,0.114343,-0.086659,1.321225,0.086229,0.616671,3
117,-57.23443,1.633062,-96.55556,1.37014,0.0,-0.1248703,0.98841,0.11815,-0.095322,1.375818,0.181308,0.723567,3
118,-55.90175,1.632594,-96.68124,1.3326799999999999,0.0,-0.12567899999999999,0.9887370000000001,0.112765,-0.09840499999999999,1.338593,0.098912,0.48535,3
119,-54.58375,1.6325209999999999,-96.80781,1.3179969999999999,0.0,-0.12657169999999998,0.9921030000000001,0.11067,-0.059021000000000004,1.3240610000000002,2.828332,2.3998209999999998,3
120,-53.23608,1.632886,-96.87035,1.347672,0.0,-0.06254578,0.9924149999999999,0.11547,-0.04219,1.349122,0.16071300000000002,1.246907,3
121,-51.88748,1.632687,-96.93672,1.348598,0.0,-0.0663681,0.9918680000000001,0.112633,-0.059262,1.350231,0.503189,1.148578,3
122,-50.540890000000005,1.634096,-96.99114,1.346592,0.0,-0.05442047,0.986527,0.142261,0.080792,1.347691,11.24885,9.812605,3
123,-49.20912,1.632731,-96.78177,1.331768,0.0,0.20937350000000002,0.92238,0.119953,0.367186,1.348126,11.48967,18.31423,3
124,-47.925740000000005,1.63294,-96.30386,1.283382,0.0,0.4779053,0.880569,0.12386300000000001,0.457446,1.369476,14.61315,5.970377,3
125,-46.55838,1.6325379999999998,-96.1647,1.367359,0.0,0.1391602,0.896285,0.11496700000000001,0.428317,1.374422,1.6945439999999998,2.422662,3
126,-45.211079999999995,1.629071,-96.06773000000001,1.347301,0.0,0.0969696,0.9029299999999999,0.058796,0.42574700000000004,1.3507870000000002,11.95599,3.5278089999999995,3
127,-43.93172,1.626398,-95.69913000000001,1.279358,0.0,0.3686066,0.705771,0.034385,0.7076060000000001,1.331401,31.54133,21.23003,3
128,-43.04265,1.629995,-94.72499,0.8890724,0.0,0.9741363999999999,0.314535,0.07927000000000001,0.9459299999999999,1.3188600000000001,19.143629999999998,29.10918,3
129,-42.50455,1.6355870000000001,-93.47208,0.5380974000000001,0.0,1.2529139999999999,0.200949,0.15770599999999999,0.966824,1.363577,2.0844080000000003,11.17839,3
130,-42.0073,1.635003,-92.1873,0.4972496,0.0,1.284775,0.171272,0.15174100000000001,0.973468,1.377644,7.383603,2.108812,3
131,-41.68737,1.634608,-90.88226,0.319931,0.0,1.305038,-0.026126999999999997,0.139371,0.9898959999999999,1.343682,5.580089,12.2068,3
132,-41.4952,1.635907,-89.54777,0.1921692,0.0,1.334496,0.0012619999999999999,0.158815,0.987308,1.3482610000000002,0.743621,2.711763,3
133,-41.32014,1.63499,-88.20914,0.17506029999999997,0.0,1.338631,-0.11661099999999999,0.147575,0.982153,1.3500290000000001,6.791017999999999,7.495926,3
134,-41.30435,1.637976,-86.83764000000001,0.01578903,0.0,1.3714979999999999,-0.143001,0.18851099999999998,0.9716040000000001,1.371589,7.058053,3.9810800000000004,3
135,-41.45402,1.6370799999999999,-85.50298000000001,-0.1496696,0.0,1.3346559999999998,-0.355269,0.17447200000000002,0.9183379999999999,1.343022,6.042086,13.59479,3
136,-41.75031,1.635656,-84.15992,-0.2962875,0.0,1.343063,-0.046406,0.152738,0.9871770000000001,1.375357,38.904959999999996,19.72039,4
137,-41.18574,1.62934,-83.02580999999999,0.5645676,0.0,1.134109,0.8300200000000001,0.066373,0.553771,1.2668629999999999,15.70556,63.96099,4
138,-40.4164,1.632783,-82.17645,0.7693405,0.0,0.8493575999999999,0.99075,0.127269,-0.047082,1.14599,32.39544,39.93718,4
139,-40.265570000000004,1.629074,-81.30093000000001,0.1508293,0.0,0.8755264000000001,0.929751,0.067061,-0.362029,0.888423,0.277659,22.020960000000002,4
140,-40.11288,1.630554,-80.38821,0.1526909,0.0,0.9127197,0.9653120000000001,0.09957300000000001,0.24136799999999997,0.9254040000000001,17.77358,37.18292,3
141,-40.24109,1.642528,-79.50683000000001,-0.1282082,0.0,0.8813781999999999,0.948667,0.316255,0.0037240000000000003,0.8906540000000001,16.25283,26.535629999999998,3
142,-40.11698,1.645244,-78.62111999999999,0.12410739999999998,0.0,0.8857117,0.916702,0.38588,-0.103703,0.894365,7.135451,10.94094,3
143,-39.87769,1.645399,-77.73499,0.23929210000000004,0.0,0.8861237,0.90845,0.397813,-0.12831199999999998,0.9178649999999999,2.286874,2.328368,3
144,-39.611090000000004,1.645348,-76.88422,0.26659770000000005,0.0,0.8507766999999999,0.904425,0.395769,-0.15931900000000002,0.8915690000000001,1.6945439999999998,2.0785259999999997,3
145,-39.31205,1.645361,-76.02031,0.29904169999999997,0.0,0.8639068999999999,0.902503,0.392613,-0.177038,0.9142,1.394233,1.304569,3
146,-39.00931,1.6485400000000001,-75.21006,0.3027382,0.0,0.8102493000000001,0.724584,0.364651,-0.5848140000000001,0.864959,8.153792999999999,29.539790000000004,4
147,-38.58146,1.625165,-74.42667,0.42785259999999997,0.0,0.7833939,0.9137299999999999,0.010669,0.40618200000000004,0.892616,66.96651999999999,83.64822,4
148,-39.16214,1.627687,-73.69206,-0.5806808000000001,0.0,0.7346039000000001,0.21,0.045766,0.9766299999999999,0.9363940000000001,18.57805,55.90951,4
149,-39.58928,1.629103,-72.5022,-0.4271393,0.0,1.189865,-0.794669,0.083182,0.601317,1.26421,10.032969999999999,67.16926,4
150,-39.80409,1.634418,-71.24738,-0.2148094,0.0,1.2548139999999999,-0.22754000000000002,0.13660799999999998,0.964139,1.273068,25.65059,42.68675,4
151,-39.43423,1.633335,-69.95211,0.3698578,0.0,1.295273,-0.238277,0.12412100000000001,0.963233,1.3470440000000001,8.970582,1.336794,3
152,-39.272420000000004,1.632309,-68.62772,0.1618118,0.0,1.324387,-0.037592,0.11313699999999999,0.9928680000000001,1.334235,8.743656,12.359960000000001,3
153,-39.31517,1.63137,-67.25041999999999,-0.04275131,0.0,1.377304,-0.061699000000000004,0.099832,0.9930899999999999,1.377967,4.199039,2.153497,3
154,-39.45833,1.63204,-65.88306999999999,-0.14315799999999998,0.0,1.367348,-0.118085,0.107491,0.9871690000000001,1.3748209999999998,0.6351979999999999,3.707436,3
155,-39.613690000000005,1.632762,-64.54285,-0.1553612,0.0,1.340225,-0.108921,0.118248,0.986992,1.3492,0.596761,1.144064,3
156,-39.75804,1.632524,-63.173069999999996,-0.144352,0.0,1.3697780000000002,-0.096276,0.114918,0.988699,1.377363,5.664135,0.9277610000000001,3
157,-39.76643,1.633548,-61.8066,-0.008388519,0.0,1.36647,0.195214,0.130865,0.9719909999999999,1.366496,39.85388,17.83863,3
158,-38.9494,1.631433,-60.815540000000006,0.817028,0.0,0.9910583000000001,0.394911,0.099889,0.913273,1.284419,9.045461999999999,13.814960000000001,3
159,-38.26432,1.630204,-59.650490000000005,0.6850815,0.0,1.165051,0.377834,0.088969,0.921589,1.3515469999999998,3.937461,1.7202959999999998,3
160,-37.654379999999996,1.631414,-58.428169999999994,0.6099396,0.0,1.222321,0.43896899999999994,0.100626,0.89285,1.36605,19.38927,4.559239,3
161,-36.68766,1.631283,-57.49163000000001,0.9667206,0.0,0.9365386999999998,0.42869799999999997,0.096184,0.8983129999999999,1.345977,10.82657,0.925167,3
162,-35.91363,1.630314,-56.389559999999996,0.7740288000000001,0.0,1.10207,0.435511,0.08443099999999999,0.896215,1.346729,1.170025,1.081607,3
163,-35.11683,1.63021,-55.30293,0.7968025,0.0,1.086632,0.454917,0.079367,0.88699,1.347465,74.6066,1.5260559999999999,3
164,-35.41403,1.6306459999999998,-54.92735,-0.2971992,0.0,0.37557979999999996,-0.225913,0.08428300000000001,0.9704950000000001,0.478944,77.0543,40.53883,3
165,-36.22739,1.6294030000000002,-55.313719999999996,-0.8133621,0.0,-0.3863716,-0.346878,0.07027,0.9352739999999999,0.900467,18.34914,8.050232000000001,3
166,-37.46278,1.6286370000000001,-55.466719999999995,-1.23539,0.0,-0.1529999,-0.614268,0.062091999999999994,0.786651,1.244828,9.634025999999999,18.105539999999998,3
167,-38.761379999999996,1.628536,-55.85617,-1.298599,0.0,-0.38945009999999997,-0.782207,0.057116,0.620395,1.35574,41.57843,13.881479999999998,3
168,-39.95305,1.629802,-55.30341,-1.191669,0.0,0.5527611,-0.811716,0.076731,0.57899,1.3136290000000002,2.110998,4.045552,3
169,-41.193259999999995,1.630757,-54.78275,-1.240211,0.0,0.5206604,-0.82878,0.091929,0.551971,1.345069,8.743297,2.710166,3
170,-42.48445,1.631657,-54.4601,-1.291191,0.0,0.3226509,-0.806804,0.103797,0.58163,1.330894,16.95593,2.807635,3
171,-43.64767,1.630948,-54.51955,-1.163219,0.0,-0.05945206,-0.761077,0.09247899999999999,0.6420359999999999,1.1647379999999998,28.566,5.014161,3
172,-44.80011,1.632047,-53.9664,-1.152439,0.0,0.5531501999999999,-0.7517520000000001,0.10945999999999999,0.6502979999999999,1.278316,17.30635,1.6884880000000002,3
173,-44.90745,1.6324299999999998,-53.86649,-0.10734180000000001,0.0,0.09991074,-0.679231,0.107779,0.7259680000000001,0.146644,143.8528,6.1406730000000005,4
174,-44.78792,1.630292,-53.88074,0.1195297,0.0,-0.01425171,0.963541,0.064627,0.25964,0.120376,62.854380000000006,120.4959,4
175,-44.569359999999996,1.6317059999999999,-54.470130000000005,0.21856309999999998,0.0,-0.5893898,0.5854229999999999,0.11634800000000001,-0.8023359999999999,0.62861,41.49583,71.94060999999999,4
176,-43.49691,1.639752,-55.04416,1.072449,0.0,-0.574028,0.684722,0.226492,-0.692717,1.2164110000000001,7.944951,14.960410000000001,4
177,-42.25639,1.638628,-55.5009,1.24052,0.0,-0.45674129999999996,0.73978,0.201485,-0.6419729999999999,1.3219319999999999,3.600109,5.8482449999999995,3
178,-41.07225,1.639288,-56.02349,1.184139,0.0,-0.5225906,0.588791,0.213585,-0.779556,1.294329,83.87453000000001,12.69421,3
179,-41.45837,1.641302,-57.234269999999995,-0.3861198,0.0,-1.210777,0.20255599999999999,0.24410500000000002,-0.9483590000000001,1.2708540000000002,13.159,26.80343,3
180,-42.17419,1.63658,-58.43285,-0.7158203000000001,0.0,-1.198582,-0.436551,0.18321600000000002,-0.880827,1.396065,5.198028,41.99197,3
181,-42.7517,1.636414,-59.63559,-0.5775108,0.0,-1.20274,-0.403841,0.172955,-0.898331,1.3342040000000002,40.4567,2.755009,3
182,-42.41433,1.6396560000000002,-60.91176,0.3373718,0.0,-1.276169,-0.38143299999999997,0.22455799999999998,-0.896706,1.3200100000000001,3.007326,4.179879,3
183,-41.99953,1.637355,-62.20251,0.4147987,0.0,-1.2907520000000001,-0.211652,0.183637,-0.959938,1.3557649999999999,2.244895,13.00484,3
184,-41.629220000000004,1.636161,-63.531459999999996,0.3703117,0.0,-1.328949,-0.092375,0.16386099999999998,-0.9821489999999999,1.379578,3.13725,8.211464,3
185,-41.35464,1.636426,-64.77687,0.2745781,0.0,-1.245411,-0.0745,0.167305,-0.983086,1.27532,48.5684,1.239393,3
186,-41.352990000000005,1.635744,-64.77779,0.001651764,0.0,-0.0009155273,-0.060208000000000005,0.157486,-0.985684,0.001889,13.33629,1.408302,3
187,-41.352579999999996,1.635642,-64.7779,0.00040817260000000004,0.0,-0.0001144409,-0.061142999999999996,0.15679300000000002,-0.9857370000000001,0.000424,174.0908,0.09615900000000001,1
188,-41.352909999999994,1.635741,-64.77776999999999,-0.00032806400000000004,0.0,0.0001296997,-0.065956,0.158236,-0.985196,0.00035299999999999996,4.16443,0.364196,1
189,-41.35432,1.636091,-64.77733,-0.0014114379999999999,0.0,0.00044250489999999996,-0.086538,0.163204,-0.9827899999999999,0.0014789999999999998,118.2957,1.490421,3
190,-41.15252,1.6357469999999998,-65.82637,0.2018013,0.0,-1.049042,-0.081996,0.15779,-0.9840629999999999,1.068275,15.02372,0.584075,3
191,-41.24961,1.635802,-67.1694,-0.09709167,0.0,-1.343033,-0.08396100000000001,0.158416,-0.9837959999999999,1.346538,0.731684,0.15168199999999998,3
192,-41.32392,1.635592,-68.04228,-0.07431030000000001,0.0,-0.8728790000000001,-0.080864,0.15555,-0.984513,0.8760370000000001,0.048457,0.347622,3
193,-41.3494,1.6352659999999999,-68.34448,-0.02547836,0.0,-0.3022003,-0.0825,0.150455,-0.9851690000000001,0.303273,0.448934,0.383837,3
194,-41.44942,1.635307,-69.65324,-0.1000214,0.0,-1.3087540000000002,-0.014728999999999999,0.151561,-0.9883379999999999,1.31257,9.438651,3.9971959999999997,3
195,-41.33048,1.635334,-70.99433,0.1189423,0.0,-1.3410950000000001,0.105761,0.150507,-0.982936,1.346359,1.077927,7.056139,3
196,-41.18305,1.635325,-72.36336999999999,0.1474304,0.0,-1.369041,0.093943,0.15052100000000002,-0.984133,1.376957,1.095573,0.689236,3
197,-41.06171,1.6343590000000001,-73.73626999999999,0.12133789999999998,0.0,-1.372894,0.080743,0.13658599999999999,-0.987333,1.3782459999999999,0.503189,1.584372,3
198,-40.95469,1.63458,-75.08173000000001,0.1070213,0.0,-1.345467,0.074664,0.139719,-0.9873719999999999,1.349716,0.416371,0.5323720000000001,3
199,-40.83556,1.634884,-76.45314,0.11912919999999999,0.0,-1.371407,0.089394,0.143826,-0.985557,1.376571,0.034263999999999996,1.096343,3
200,-40.71778,1.634601,-77.79835,0.1177788,0.0,-1.345207,0.082207,0.139242,-0.9868399999999999,1.3503530000000001,1.1912399999999999,0.686344,3
201,-40.57217,1.634187,-79.13979,0.14561079999999998,0.0,-1.341446,0.203592,0.132554,-0.9700409999999999,1.349326,5.929165,7.478014999999999,3
202,-40.28284,1.633008,-80.48662,0.2893295,0.0,-1.346825,0.304444,0.11703800000000002,-0.945313,1.377552,0.770502,6.894296000000001,3
203,-40.017179999999996,1.6332309999999999,-81.80966,0.2656593,0.0,-1.323044,0.23870300000000003,0.12106600000000001,-0.963516,1.349452,4.025112,4.169474,3
204,-39.84151,1.633324,-83.17558000000001,0.1756706,0.0,-1.365921,0.19867200000000002,0.12133699999999999,-0.972526,1.377171,0.039564999999999996,2.384242,3
205,-39.74268,1.632515,-83.94781,0.09883118,0.0,-0.7722244,0.142352,0.11112899999999999,-0.983558,0.778523,23.25508,3.899361,3
206,-40.09248,1.6321809999999999,-85.17078000000001,-0.34980009999999995,0.0,-1.222969,0.14266900000000002,0.10566199999999999,-0.9841139999999999,1.2720120000000001,5.4071489999999995,0.343066,3
207,-40.58186,1.631989,-86.42152,-0.4893799,0.0,-1.25074,0.169624,0.10273,-0.98014,1.343072,20.325129999999998,1.7385599999999999,3
208,-40.60622,1.631057,-87.75842,-0.02436066,0.0,-1.336906,0.25099,0.089977,-0.963799,1.337128,0.393664,5.512253,3
209,-40.63988,1.6301889999999999,-89.09995,-0.03366089,0.0,-1.34153,0.564353,0.08453,-0.8211940000000001,1.341952,25.21923,20.21483,3
210,-40.092,1.625413,-90.34323,0.5478821,0.0,-1.243279,0.757743,0.014761000000000002,-0.652386,1.358645,5.211806,18.778129999999997,3
211,-39.43711,1.623605,-91.52499,0.6548881999999999,0.0,-1.1817549999999999,0.762825,-0.003967,-0.6465930000000001,1.351082,1.9311759999999998,1.059337,3
212,-38.74389,1.623077,-92.68214,0.693222,0.0,-1.15715,0.7938029999999999,-0.009525,-0.608101,1.348908,5.917383999999999,3.149315,3
213,-37.935520000000004,1.618898,-93.76105,0.8083686999999999,0.0,-1.078911,0.868108,-0.073865,-0.49084799999999995,1.34815,16.08725,11.659419999999999,3
214,-36.86397,1.62008,-94.57059,1.071548,0.0,-0.8095398,0.995426,-0.044967,-0.08429400000000001,1.342971,15.244420000000002,26.303079999999998,3
215,-35.618390000000005,1.623248,-95.06944,1.2455829999999999,0.0,-0.49885559999999995,0.999735,-0.007529000000000001,-0.021753,1.3417649999999999,5.88926,5.740096,3
216,-34.32222,1.6242290000000001,-95.43956999999999,1.2961690000000001,0.0,-0.37012480000000003,0.9999629999999999,0.004496,0.007287999999999999,1.347979,6.640714,1.8379869999999998,3
217,-32.99058,1.623573,-95.65754,1.3316379999999999,0.0,-0.2179718,0.999986,-0.003139,0.0041259999999999995,1.3493600000000001,1.8624610000000001,0.25826,3
218,-31.62575,1.6234389999999999,-95.83561999999999,1.364832,0.0,-0.1780777,0.9999399999999999,-0.004809000000000001,0.009840999999999999,1.3764,3.451336,0.423145,3
219,-30.252259999999996,1.6234549999999999,-95.93124,1.373489,0.0,-0.0956192,0.9998540000000001,-0.00457,0.016461,1.376814,0.07661699999999999,0.39210500000000004,3
220,-28.91698,1.632952,-96.02237,1.335279,0.0,-0.09113312,0.9877870000000001,0.154605,0.019327,1.338386,0.0,8.810252,3
221,-27.594959999999997,1.649587,-96.11225,1.322021,0.0,-0.0898819,0.9173629999999999,0.39779899999999996,0.014213,1.325073,0.308377,14.77996,3
222,-26.20955,1.6444459999999999,-96.19894000000001,1.385408,0.0,-0.08668518,0.9595459999999999,0.276434,0.053429,1.388118,0.775565,9.692488,3
223,-24.832179999999997,1.642521,-96.26642,1.377371,0.0,-0.06748199,0.963731,0.265827,0.023647,1.3790229999999999,1.126917,2.412976,3
224,-23.48546,1.642673,-96.35898,1.3467200000000001,0.0,-0.09255981,0.96335,0.267849,0.014633000000000002,1.349897,0.22293600000000002,0.655803,3
225,-22.13814,1.6421560000000002,-96.45684,1.347321,0.0,-0.09786224,0.965751,0.2592,0.011834,1.35087,0.027975999999999997,0.681575,3
226,-20.79158,1.6420669999999997,-96.5542,1.34656,0.0,-0.09735869999999999,0.9660190000000001,0.25807199999999997,0.014388999999999999,1.350075,1.8879259999999998,0.21757600000000002,3
227,-19.41756,1.642222,-96.60812,1.37402,0.0,-0.05392456,0.965734,0.257305,0.033944,1.375077,9.973699,1.2052370000000001,3
228,-18.08149,1.642294,-96.42685999999999,1.336071,0.0,0.18126679999999998,0.9643809999999999,0.26153899999999997,0.039572,1.348311,1.9744700000000002,0.588082,3
229,-16.71294,1.642809,-96.28901,1.368549,0.0,0.1378479,0.9637049999999999,0.266642,-0.013212999999999999,1.375474,2.7589639999999997,3.4384550000000003,3
230,-15.360870000000002,1.6401130000000002,-96.21831999999999,1.35207,0.0,0.07068634,0.9746,0.223908,-0.004446,1.353916,0.12354100000000001,3.050031,3
231,-14.01348,1.640666,-96.1508,1.3473899999999999,0.0,0.06752014,0.9724659999999999,0.23291599999999998,-0.007803,1.349081,3.0320259999999997,0.727954,3
232,-12.663889999999999,1.640779,-96.15465,1.34959,0.0,-0.003845215,0.971983,0.234961,-0.006585,1.349596,0.202709,0.19185,3
233,-11.286610000000001,1.640579,-96.16345,1.3772799999999998,0.0,-0.008804321,0.972794,0.23162,-0.004804,1.377308,0.048457,0.303379,3
234,-9.936302,1.640366,-96.17090999999999,1.350307,0.0,-0.007461548,0.973616,0.228115,-0.005917,1.350328,4.19428,0.271956,3
235,-8.599437,1.6403560000000001,-96.0803,1.336865,0.0,0.09061432,0.9736600000000001,0.228002,0.001105,1.339933,31.52295,0.41973299999999997,3
236,-7.473941,1.631732,-95.28043000000001,1.1254959999999998,0.0,0.7998656999999999,0.83144,0.101464,0.546271,1.38077,20.23599,40.596540000000005,3
237,-6.733113,1.6319290000000002,-94.197,0.7408279999999999,0.0,1.083435,0.362886,0.10453699999999999,0.925951,1.312501,15.468879999999999,35.47083,3
238,-6.308269999999999,1.6394259999999998,-92.95575,0.42484279999999996,0.0,1.241249,0.239774,0.12551199999999998,0.9626809999999999,1.311942,6.897423,8.624296000000001,3
239,-5.817871,1.633312,-91.94095,0.4903989,0.0,1.014801,0.21806599999999998,0.122522,0.9682129999999999,1.127081,14.0072,1.46585,3
240,-5.539756,1.6348209999999999,-90.60792,0.27811529999999995,0.0,1.3330309999999999,0.08756599999999999,0.16910899999999998,0.9817,1.361734,21.198629999999998,10.29385,3
241,-5.746389,1.6571740000000001,-89.36162,-0.20663310000000001,0.0,1.2463,-0.171676,0.690943,0.702229,1.263313,16.70991,52.80378,4
242,-5.612222,1.635483,-88.31371,0.13416670000000003,0.0,1.0479049999999999,0.337878,0.126677,0.9326260000000001,1.056459,2.514972,70.07979,4
243,-5.383701,1.624707,-86.99223,0.22852129999999998,0.0,1.32148,0.0018039999999999998,0.010077,0.999948,1.341093,9.228671,26.512240000000002,4
244,-5.369763,1.629665,-85.62101,0.01393795,0.0,1.3712229999999999,0.038451,0.07570299999999999,0.996389,1.371294,1.68702,5.871468,3
245,-5.316464,1.633205,-84.27603,0.05329895,0.0,1.344978,0.032923,0.122834,0.9918809999999999,1.346034,0.612298,3.023088,3
246,-5.248611,1.63345,-82.92791,0.06785297,0.0,1.348122,0.060679,0.125917,0.990183,1.349828,0.330431,1.78378,3
247,-5.171489,1.634081,-81.55383,0.07712221,0.0,1.374077,0.049519,0.134245,0.9897100000000001,1.376239,0.7311489999999999,1.124105,3
248,-5.11301,1.633269,-80.20421,0.05847883,0.0,1.349625,0.031837,0.12261199999999998,0.991944,1.350891,0.747034,1.698145,3
249,-5.071365,1.6339700000000001,-78.8288,0.04164505,0.0,1.375412,0.026094,0.13255899999999998,0.9908319999999999,1.376042,2.1129439999999997,0.90385,3
250,-5.080280999999999,1.634175,-77.4795,-0.008915901,0.0,1.349297,-0.015143,0.133522,0.99093,1.349326,1.190747,2.439791,3
251,-5.060791,1.633314,-76.10477,0.01948977,0.0,1.374733,-0.028481,0.12173800000000001,0.9921540000000001,1.374871,27.75307,1.449514,3
252,-4.434041000000001,1.633117,-74.95357,0.62675,0.0,1.151199,-0.13020299999999999,0.118558,0.984374,1.3107540000000002,18.968729999999997,6.073969,3
253,-4.210039,1.632393,-73.62871,0.22400189999999998,0.0,1.32486,-0.22417800000000002,0.116106,0.967607,1.3436629999999998,6.29588,5.651057,3
254,-4.13239,1.6325690000000002,-72.28233,0.07764912,0.0,1.346375,-0.33242,0.11460899999999999,0.936142,1.3486120000000001,10.91987,6.591774000000001,3
255,-4.3143199999999995,1.629678,-70.92229,-0.1819301,0.0,1.3600459999999999,-0.530032,0.09518099999999999,0.842619,1.372161,10.04424,13.74068,3
256,-4.7218800000000005,1.633984,-69.6424,-0.40755990000000003,0.0,1.279884,-0.6693100000000001,0.14078,0.729524,1.343208,15.8742,12.995339999999999,3
257,-5.459641,1.632875,-68.52935,-0.737761,0.0,1.1130520000000002,-0.8545309999999999,0.115598,0.506373,1.335356,11.598339999999999,18.269820000000003,3
258,-5.826084,1.632664,-67.61959,-0.3664432,0.0,0.9097594999999999,-0.85064,0.11536199999999999,0.512936,0.9807870000000001,48.72075,0.453705,3
259,-5.302235,1.628997,-66.58171999999999,0.523849,0.0,1.037872,-0.21587800000000001,0.060911,0.974519,1.162582,7.108567999999999,49.55182,3
260,-4.8696019999999995,1.627851,-65.37163000000001,0.43263290000000004,0.0,1.210091,-0.4606,0.055839,0.88585,1.285103,28.31349,15.2728,3
261,-5.0709230000000005,1.63071,-64.04678,-0.20132060000000002,0.0,1.3248440000000001,-0.546172,0.090043,0.8328200000000001,1.3400530000000002,16.04513,7.7501050000000005,3
262,-4.894495,1.6288040000000001,-62.68923,0.17642779999999997,0.0,1.357552,-0.359176,0.06421900000000001,0.9310579999999999,1.368968,5.411786,13.6461,3
263,-4.595754,1.629958,-61.37607,0.29874090000000003,0.0,1.313164,-0.38763400000000003,0.083057,0.918064,1.346716,1.117326,2.87791,3
264,-4.318213,1.6335620000000002,-60.03578,0.27754120000000004,0.0,1.340286,-0.5557310000000001,0.12850799999999998,0.82137,1.3687209999999999,14.65599,13.810070000000001,3
265,-4.334267,1.637105,-59.724959999999996,-0.01605415,0.0,0.31082150000000003,-0.980101,0.176271,0.091273,0.311236,7.672198,53.36693,3
266,-4.408926999999999,1.636778,-59.327130000000004,-0.07465982,0.0,0.397831,-0.983174,0.174152,-0.055139,0.404776,7.9431970000000005,8.653626,3
267,-4.450984,1.636166,-58.43056,-0.04205704,0.0,0.8965683000000001,-0.986883,0.16103699999999999,0.011355,0.8975540000000001,3.3182400000000003,4.631327,3
268,-4.441016,1.634236,-57.52778000000001,0.009967804,0.0,0.9027824000000001,-0.989877,0.135928,0.040833999999999995,0.9028379999999999,20.41465,3.1576720000000003,3
269,-4.874917,1.6342379999999999,-56.32139,-0.4339008,0.0,1.20639,-0.990309,0.136968,0.022994,1.2820479999999999,3.472487,1.092257,3
270,-5.253039,1.635269,-55.029109999999996,-0.3781219,0.0,1.292278,-0.987392,0.149259,0.052716,1.346462,18.18018,2.43748,3
271,-5.2086559999999995,1.637176,-53.6702,0.04438305,0.0,1.35891,-0.715256,0.17652,0.6762020000000001,1.359634,36.31702,41.91933,3
272,-4.347704,1.634688,-52.57564,0.8609519,0.0,1.094559,-0.24761999999999998,0.140574,0.9586049999999999,1.392586,9.66892,34.21011,3
273,-3.7217300000000004,1.6334799999999998,-51.42364,0.6259739000000001,0.0,1.1520000000000001,-0.26682,0.121315,0.9560799999999999,1.3110870000000001,22.703310000000002,2.222502,3
274,-3.582417,1.634081,-50.0558,0.13931300000000002,0.0,1.36784,-0.211004,0.133418,0.9683370000000001,1.374916,1.018756,3.9996059999999996,3
275,-3.418764,1.63499,-48.69023,0.1636529,0.0,1.3655700000000002,-0.24608000000000002,0.144465,0.9584229999999999,1.375341,0.924927,2.746281,3
276,-3.237022,1.634563,-47.35634,0.1817422,0.0,1.333893,-0.276097,0.139336,0.950976,1.346217,4.5498,2.086493,3
277,-3.1611759999999998,1.63344,-46.00351,0.07584596,0.0,1.352829,-0.282281,0.12293299999999999,0.9514229999999999,1.354953,2.097978,1.283148,3
278,-3.134634,1.632855,-44.63467,0.02654195,0.0,1.368839,-0.274625,0.115417,0.954599,1.369097,8.198482,0.908899,3
279,-2.916547,1.632665,-43.30425,0.21808699999999998,0.0,1.3304209999999999,-0.273748,0.11242,0.955209,1.348178,7.557644,0.228809,3
280,-2.875302,1.632239,-41.95559,0.04124498,0.0,1.34866,-0.289053,0.10620399999999999,0.9514040000000001,1.3492899999999999,1.5072709999999998,1.2663389999999999,3
281,-2.869545,1.632183,-40.60602,0.0057570930000000005,0.0,1.349567,-0.309346,0.105629,0.9450649999999999,1.34958,1.059433,1.25811,3
282,-2.8887389999999997,1.6322299999999998,-39.25646,-0.01919413,0.0,1.349564,-0.317378,0.106387,0.942313,1.3497,0.77758,0.532706,3
283,-2.926977,1.632536,-37.88089,-0.03823781,0.0,1.3755680000000001,-0.345837,0.10992,0.931834,1.3761,6.53264,1.9513610000000001,3
284,-3.1206840000000002,1.631448,-36.52407,-0.193707,0.0,1.356819,-0.5628350000000001,0.098049,0.820733,1.370577,8.404572,14.763329999999998,3
285,-3.503394,1.6328690000000001,-35.23451,-0.38271,0.0,1.289562,-0.652526,0.11842799999999999,0.748455,1.345153,6.633682,7.816188,3
286,-4.042033999999999,1.6324450000000001,-33.97554,-0.5386403000000001,0.0,1.258968,-0.792532,0.11656,0.598588,1.369356,1.310301,11.96161,3
287,-4.539629,1.636783,-32.7348,-0.49759480000000006,0.0,1.240742,-0.903589,0.23665300000000003,0.357104,1.336802,18.2206,22.49444,3
288,-5.386153,1.6410529999999999,-31.728579999999997,-0.8465242000000001,0.0,1.006218,-0.957895,0.25324,-0.135304,1.3149440000000001,3.185674,30.5844,3
289,-6.321135,1.63874,-30.734990000000003,-0.9349818000000001,0.0,0.9935913000000001,-0.9724290000000001,0.233062,0.008011,1.3643370000000001,6.138875,9.703816999999999,3
290,-7.130592999999999,1.6395549999999999,-29.665490000000002,-0.8094578,0.0,1.0695,-0.9607450000000001,0.237625,-0.14319300000000001,1.3412870000000001,22.17821,9.218144,3
291,-8.217175,1.638657,-29.020290000000003,-1.086582,0.0,0.6451988000000001,-0.604232,0.212763,-0.767878,1.263701,12.01783,44.78622,3
292,-9.518425,1.639431,-28.58026,-1.30125,0.0,0.44003109999999995,-0.909043,0.227528,-0.349102,1.373638,12.82668,31.66015,3
293,-10.65193,1.640248,-27.88537,-1.133505,0.0,0.6948890999999999,-0.889971,0.224071,-0.39716999999999997,1.32955,23.35468,3.244805,3
294,-11.97613,1.6429770000000001,-27.6956,-1.3242,0.0,0.1897697,-0.8605950000000001,0.26868400000000003,-0.432649,1.337728,1.411253,5.277908,3
295,-13.34575,1.642682,-27.533640000000002,-1.36962,0.0,0.1619606,-0.8850299999999999,0.264173,-0.38332,1.379163,1.881592,3.540049,3
296,-14.68336,1.6408330000000002,-27.33073,-1.33761,0.0,0.2029095,-0.9022469999999999,0.233238,-0.362699,1.3529129999999998,1.149269,3.348297,3
297,-16.04066,1.6404619999999999,-27.096890000000002,-1.357301,0.0,0.23384090000000002,-0.9033899999999999,0.227517,-0.363487,1.377297,0.176939,0.356626,3
298,-17.371879999999997,1.639559,-26.863290000000003,-1.3312190000000002,0.0,0.23359870000000002,-0.9205209999999999,0.208154,-0.330625,1.351559,3.055757,3.297789,3
299,-18.730729999999998,1.6300379999999999,-26.549359999999997,-1.35885,0.0,0.3139305,-0.914264,0.094288,0.393994,1.394642,3.221546,49.673840000000006,3
300,-20.05237,1.631367,-26.321379999999998,-1.32164,0.0,0.2279797,-0.819923,0.103797,0.5629850000000001,1.341159,11.065439999999999,11.709010000000001,3
301,-21.42856,1.633615,-26.352090000000004,-1.37619,0.0,-0.03071022,-0.9080790000000001,0.131945,0.39747,1.376533,3.334543,12.45965,3
302,-22.777379999999997,1.6319709999999998,-26.46092,-1.3488200000000001,0.0,-0.10882950000000001,-0.947548,0.10773800000000001,0.30090900000000004,1.3532030000000002,4.634345,7.418195,3
303,-24.113529999999997,1.631916,-26.460420000000003,-1.336149,0.0,0.0004997253,-0.9370959999999999,0.10675899999999999,0.33234600000000003,1.336149,5.512778,1.965523,3
304,-25.44047,1.631343,-26.33185,-1.326941,0.0,0.1285706,-0.9487959999999999,0.099869,0.299688,1.3331549999999999,7.758964999999999,2.394916,3
305,-26.81655,1.630751,-26.385309999999997,-1.37608,0.0,-0.05345917,-0.948498,0.090765,0.303502,1.377118,12.43335,0.738009,3
306,-28.126990000000003,1.631992,-26.14932,-1.31044,0.0,0.2359886,-0.9158959999999999,0.106502,0.387031,1.3315190000000001,28.84217,6.069891999999999,3
307,-29.13972,1.631248,-25.32774,-1.012732,0.0,0.8215809000000001,-0.197728,0.136498,0.970707,1.304078,43.9022,57.31066,4
308,-29.26165,1.705818,-24.3414,-0.12192919999999999,0.0,0.9863396000000001,0.7744939999999999,0.219298,0.593353,0.9938469999999999,137.7958,68.8796,4
309,-29.517559999999996,1.63481,-24.70475,-0.255909,0.0,-0.3633499,0.9408030000000001,0.139797,0.308784,0.444424,100.2507,23.91755,4
310,-28.48033,1.633716,-25.18636,1.0372299999999999,0.0,-0.48160929999999996,0.841411,0.128983,0.524778,1.1435879999999998,102.3369,14.40606,3
311,-28.57095,1.639672,-25.30556,-0.09062004,0.0,-0.11919980000000001,0.8260569999999999,0.213329,0.521652,0.14973499999999998,36.2804,5.226891,3
312,-29.433,1.6422599999999998,-25.56052,-0.862051,0.0,-0.254961,0.819064,0.26659099999999997,0.508001,0.898965,6.8295520000000005,3.607925,3
313,-29.68133,1.642882,-25.602729999999998,-0.2483292,0.0,-0.04220963,0.798216,0.287747,0.5292,0.251891,44.414840000000005,2.997027,3
314,-29.714979999999997,1.64041,-25.57937,-0.03364944,0.0,0.0233593,0.26514,0.234915,0.935156,0.040963,25.93979,43.76365,1
315,-29.72985,1.634617,-25.57706,-0.0148716,0.0,0.002309799,0.224336,0.193972,0.9550120000000001,0.01505,177.4049,5.011984,2
316,-29.66017,1.622914,-25.59114,0.06968117,0.0,-0.01408005,0.876517,-0.012001999999999999,0.48122200000000004,0.071089,24.71249,58.510569999999994,1
317,-29.64119,1.613587,-25.605,0.01898003,0.0,-0.0138588,0.9477540000000001,-0.16288699999999998,0.27428,0.023500999999999998,58.69458,21.31429,2
318,-29.64647,1.621319,-25.66747,-0.005279541,0.0,-0.06247139,0.8958389999999999,-0.014200999999999998,-0.44415299999999996,0.062694,69.57263,51.07349,2
319,-29.66828,1.635873,-25.673560000000002,-0.02181053,0.0,-0.006088257,0.796218,0.216696,-0.564871,0.022644,71.21661,20.68304,2
320,-29.7323,1.6435540000000002,-25.57999,-0.06402016,0.0,0.0935688,0.083064,0.21808899999999998,0.9723879999999999,0.113374,48.239709999999995,120.5528,2
321,-29.78303,1.616449,-25.573420000000002,-0.05072975,0.0,0.006570816,-0.6872149999999999,-0.13234300000000002,0.7142970000000001,0.051154000000000005,84.55525,53.767309999999995,2
322,-29.79171,1.629812,-25.61155,-0.008680344,0.0,-0.03812981,-0.903283,0.0904,0.419415,0.039105,19.79646,23.618879999999997,1
323,-29.791259999999998,1.6321,-25.61523,0.0004501343,0.0,-0.0036811829999999998,-0.915301,0.10484600000000001,0.388884,0.0037090000000000005,95.30945,2.718968,1
324,-29.790979999999998,1.632308,-25.615170000000003,0.0002803802,0.0,6.103516e-05,-0.915025,0.10758800000000002,0.388785,0.00028700000000000004,41.673840000000006,0.157996,1
325,-29.79045,1.632493,-25.61444,0.0005302429,0.0,0.0007286072,-0.910651,0.11011300000000002,0.39823400000000003,0.000901,60.48693000000001,0.745607,1
326,-29.7902,1.632706,-25.61447,0.0002498627,0.0,-2.8610229999999998e-05,-0.91053,0.113027,0.39769299999999996,0.000251,6.06123,0.202279,1
327,-29.790020000000002,1.632855,-25.61451,0.00017929080000000003,0.0,-4.005432e-05,-0.910535,0.11508299999999999,0.397093,0.000184,7.310403,0.158077,1
328,-29.78991,1.632957,-25.61455,0.00011062620000000001,0.0,-4.005432e-05,-0.9106690000000001,0.11649200000000001,0.396374,0.000118,21.729779999999998,0.120853,1
329,-29.78984,1.63303,-25.61461,6.866455e-05,0.0,-6.103516e-05,-0.910833,0.11750999999999999,0.39569499999999996,9.2e-05,114.291,0.093021,1
330,-29.78993,1.632974,-25.61465,-8.964539e-05,0.0,-4.005432e-05,-0.9109780000000001,0.11674000000000001,0.395588,9.8e-05,3.151011,0.044407,1
331,-29.790059999999997,1.632888,-25.6147,-0.0001296997,0.0,-4.959106e-05,-0.911108,0.11556300000000001,0.395635,0.000139,3.582881,0.06794800000000001,1
332,-29.790190000000003,1.6328049999999998,-25.61476,-0.0001296997,0.0,-5.912781e-05,-0.9111959999999999,0.114442,0.395759,0.000143,2.892523,0.06461900000000001,1
333,-29.790290000000002,1.632741,-25.6148,-0.0001010895,0.0,-4.005432e-05,-0.9113479999999999,0.11356400000000001,0.395662,0.000109,4.9502489999999995,0.050626,1
334,-29.790370000000003,1.632691,-25.61484,-8.010864e-05,0.0,-4.005432e-05,-0.911457,0.11288599999999999,0.39560500000000004,9e-05,15.679520000000002,0.03909,1
335,-29.79042,1.632649,-25.61485,-4.959106e-05,0.0,-9.536743e-06,-0.9115340000000001,0.11232400000000001,0.395586,5e-05,119.4694,0.032421,1
336,-29.79014,1.632974,-25.61518,0.0002803802,0.0,-0.00032997129999999997,-0.911999,0.11683900000000001,0.393201,0.000433,12.14268,0.397463,1
337,-29.78603,1.6384279999999998,-25.62284,0.004110336,0.0,-0.007661819,-0.931617,0.198044,0.304742,0.008695,138.5167,9.922246000000001,0
